1404150021620000388	1404166365620000273
1404154529620000310	1404151498620000393
1404147154620000615	1404169935620000224
1404171621620000395	1404143040620000032
1404171621620000395	1404166365620000273
1404155734620000044	1404171463620000698
1404070608620000426	1404155788620000591
1404070608620000426	1404166892620000500
1376053063620000981	1373653545620000940
1376053063620000981	1404152121620000383
1373653545620000940	1396461573620000941
1396461573620000941	1404152121620000383
1404150530620000547	1404014448620000407
1404146976620000119	1404014448620000407
1404155241620000340	1404014448620000407
1404149818620000465	1403935197620000205
