1372636875620000233	1372637728620000671
1372638151620000231	1372638502620000320
1372638151620000231	1372638902620000372
1372638151620000231	1372644476620000307
1372639635620000178	1372639558620000005
1372639635620000178	1372638031620000171
1372640555620000235	1372643618620000463
1372639558620000005	1372637715620000398
1372638902620000372	1372640943620000596
1372638902620000372	1372638158620000620
1372639973620000686	1372642886620000403
1372639973620000686	1372644235620000520
1372639973620000686	1372642569620000004
1372639973620000686	1372637728620000671
1372639973620000686	1372641724620000435
1372640943620000596	1372644476620000307
1372641991620000231	1372637247620000067
1372641197620000653	1372637247620000067
1372642886620000403	1372643618620000463
1372642706620000653	1372641858620000154
1372642706620000653	1372640550620000233
1372643618620000463	1372642569620000004
1372643618620000463	1372641724620000435
1372644235620000520	1372644270620000173
1372638158620000620	1372637728620000671
1372638158620000620	1372644476620000307
1372638158620000620	1372644655620000520
1372639181620000089	1372637926620000173
